Mediterranean Avenue
Brown
2
4
10
30
90
160
250
50
50
60
30
Baltic Avenue
Brown
4
8
20
60
180
320
450
50
50
60
30
Oriental Avenue
Light Blue
6
12
30
90
270
400
550
50
50
100
50
Vermont Avenue
Light Blue
6
12
30
90
270
400
550
50
50
100
50
Connecticut Avenue
Light Blue
8
16
40
100
300
450
600
50
50
120
60
St. Charles Place
Pink
10
20
50
150
450
625
750
100
100
140
70
States Avenue
Pink
10
20
50
150
450
625
750
100
100
140
70
Virginia Avenue
Pink
12
24
60
180
500
700
900
100
100
160
80
St. James Place
Orange
14
28
70
200
550
750
950
100
100
180
90
Tennessee Avenue
Orange
14
28
70
200
550
750
950
100
100
180
90
New York Avenue
Orange
16
32
80
220
600
800
1000
100
100
200
100
Kentucky Avenue
Red
18
36
90
250
700
875
1050
150
150
220
110
Indiana Avenue
Red
18
36
90
250
700
875
1050
150
150
220
110
Illinois Avenue
Red
20
40
100
300
750
925
1100
150
150
240
120
Atlantic Avenue
Yellow
22
44
110
330
800
975
1150
150
150
260
130
Ventnor Avenue
Yellow
22
44
110
330
800
975
1150
150
150
260
130
Marvin Gardens
Yellow
24
48
120
360
850
1025
1200
150
150
280
140
Pacific Avenue
Green
26
52
130
390
900
1100
1275
200
200
300
150
North Carolina Avenue
Green
26
52
130
390
900
1100
1275
200
200
300
150
Pennsylvania Avenue
Green
28
56
150
450
1000
1200
1400
200
200
320
160
Park Place
Dark Blue
35
70
175
500
1100
1300
1500
200
200
350
175
Boardwalk
Dark Blue
50
100
200
600
1400
1700
2000
200
200
400
200
